on -38 7 -5 47 -4 41
on -16 35 -21 25 -48 5
on -43 4 -32 21 -18 27
on -16 38 -37 9 -10 40
on -3 43 -40 13 -48 -4
on -6 43 -4 41 -6 47
on -29 15 -9 43 -39 5
on -37 9 -16 37 -1 45
on -28 21 -7 46 -10 36
on -26 27 -6 40 -18 34
off 13 30 32 41 -10 1
on -43 6 -7 46 -15 31
off 19 30 -43 -27 -36 -26
on -15 34 -41 10 -45 0
off 15 31 27 36 20 33
on -8 42 -44 6 -22 25
off -37 -20 22 40 35 44
on 2 46 -43 3 -17 36
off 23 34 5 16 -5 6
on -9 36 -47 7 -47 5
on -160 27861 57453 76567 10007 35491
on -34240 -12876 -87116 -51990 33628 53802
on -23262 4944 62820 88113 -7149 -1858
on -48127 -16845 59088 86535 -5102 744
on -54674 -32293 21567 47184 55761 72099
on -69807 -50439 -53937 -38431 14338 28485
on 13123 34571 -74162 -53699 5810 32903
on -36751 -16860 49545 75658 -34660 -21694
on -68435 -62588 -40370 -6437 -39677 -23920
on -82974 -59309 18720 41775 -39850 -17189
on -72347 -41708 9850 18229 -53512 -34975
on -30894 4418 65635 84979 19530 39249
on 15288 25235 -29448 1499 71472 85280
on -54686 -44312 36734 56590 -60370 -40555
on -5266 21740 -63065 -47319 -53244 -34997
on 30363 46391 65963 73471 -16696 -1815
on 8243 24278 -94018 -69081 4245 29009
on -37020 -23168 -72025 -55051 -35968 -10146
on -47068 -26645 -20779 13147 56626 75638
on -38276 -11929 -75280 -63708 19483 24673
on 3913 16625 66848 92341 9711 32412
on -33513 -7553 -44460 -19203 53802 84399
on -46017 -22850 -46589 -32578 -70024 -47623
on 48573 58330 2974 29593 34454 60055
on -10056 10090 8646 37530 -95368 -64816
on -40314 -23851 49027 75546 33133 59153
on 9529 39846 -43216 -6720 66362 84337
on -45474 -33807 15249 40850 -72058 -42686
on 51316 72889 -20375 8377 32410 56709
on -2105 32624 -78827 -73957 -36836 -9360
on 28703 45480 7042 25778 -82005 -55614
on 6954 42651 4674 37873 57207 93287
on 29735 50615 17210 29568 64317 74832
on -71817 -57182 -52937 -34602 -16791 8172
on 62789 73440 -8262 6641 -47239 -39833
on 22253 33377 -66419 -35421 -76817 -56664
on -81664 -74289 -19781 2191 -47797 -9331
on -15501 3487 57147 69359 30481 53449
on 65898 70034 -42224 -28303 -36101 -5313
on 43494 54307 42390 54768 -48993 -31471
on -78098 -51348 -31792 -29005 -59011 -31680
on 1733 29690 -76915 -65890 -51511 -21684
on 15663 36026 -43573 -32068 54160 67763
on -15046 8020 73251 81288 -6407 6193
on -27828 -7924 -81275 -66773 -6446 19063
on 53718 81429 8690 21113 -46849 -30403
on -36511 1151 59425 77413 7092 45917
on 1629 15400 11693 34093 68313 91797
on -26483 210 1338 31754 -84816 -58477
on -83237 -62066 4539 25394 -51906 -28397
on -9149 923 -81989 -60157 -26789 -5365
on 17517 37608 26598 46873 57508 64782
on -7119 11105 62942 83529 9625 26513
on -51514 -30945 20145 42149 -62845 -43704
on 5756 29641 -22431 5811 63100 78564
on 2390 19403 -20570 2836 62003 85329
on -30076 -15623 55291 75814 15603 36585
on 31384 53207 -52113 -34713 -53230 -48671
on -22679 10340 13595 27259 74909 82901
on 67880 82348 8971 27422 -2124 15487
on -18895 10483 -85666 -59455 34047 51125
on 55861 76270 -63315 -43630 -14734 14650
on 574 29499 -45563 -10582 -90533 -55006
on -69275 -42476 -59658 -25077 -52699 -28481
on -56824 -33936 -25868 8029 -82735 -53242
on -90068 -61105 25564 34118 -8753 8383
on -16748 -8507 -60001 -44220 39386 65527
on 47454 61550 30183 42751 -48341 -40487
on -75242 -56708 -18345 7252 27135 42009
on -58608 -41635 -77670 -51210 -19528 -1735
on -52353 -35577 65342 71094 -34292 -10437
on -13904 390 -85050 -62408 -40671 -16675
on -70826 -61780 -28261 -8503 -43838 -22314
on 23456 34852 -75129 -39146 -59367 -27639
on -21289 -10174 -4853 32679 -90593 -71383
on -37590 -9368 -75394 -60296 -44762 -24730
on -60024 -32249 59509 67462 -2182 22377
on -8113 11767 -35418 -18956 64722 86638
on 46854 82238 40215 59083 -11037 11812
on 49339 85055 28346 47525 5491 39152
on -50591 -22806 -33668 -17243 58370 72406
on 54558 69946 -56413 -35097 -27088 7730
on -64262 -47635 -74110 -35937 13887 37783
on -51771 -28374 -60611 -46568 23665 55950
on -81107 -54757 -26037 7731 -40004 -22397
on -41417 -19367 54161 90953 12299 44226
on -89805 -55266 -31643 -22791 -15805 -3577
on -78290 -54183 8949 18096 -47920 -37582
on -44972 -27636 -56757 -33114 43862 61796
on 34720 58327 40641 60954 5688 14788
on -56983 -26271 -69520 -43968 5457 30306
on 52234 80932 -28451 -12788 25327 31570
on -20283 -10624 55145 77699 -55377 -51731
on -8918 23862 -26789 -7902 78219 83878
on -81127 -49088 -33284 -13921 -50207 -32847
on 3968 12957 62162 90459 -32604 -13525
on 50536 63270 47029 71173 25852 40402
on -19947 3085 69295 98557 -7457 15697
on 56416 88951 -49125 -23678 13033 31254
on -45415 -13431 -70617 -33184 -67667 -43697
on -25226 -16517 11281 39430 65912 87788
on 32863 54130 33778 71445 42050 55059
on -61047 -29947 59749 68086 -42477 -13948
on -18251 9292 -89783 -58004 -41787 -15274
on 5759 16739 31155 46337 -75036 -53352
on 31554 54658 53243 73463 -26575 5972
on -33007 -6786 -62474 -41434 50315 75779
on 27458 32973 22810 54163 -75563 -58647
on 8075 18075 -50635 -24172 62978 85992
on -76736 -47443 -4014 19377 45970 58134
on -60157 -52753 -43338 -22023 -51719 -41956
on -3216 22631 49983 61450 -77551 -54695
on -46004 -40643 51830 62022 18230 48510
on 42330 66450 -40592 -14557 -58845 -29636
on -32729 -9787 -91565 -69806 18117 35690
on -32002 -10885 -1443 14786 -90524 -68253
on 50978 75653 7140 18805 -63220 -43305
on -64568 -49330 15278 36078 28629 42531
on 19040 44557 -75487 -59006 -37514 -20407
on -2797 6071 -87782 -64015 -23722 -9160
on 30427 40250 -51346 -20826 -76885 -46217
on -9837 5654 49778 66163 42263 63916
on -21072 11872 28390 51048 -77577 -49183
on 31541 48623 37624 58494 -42361 -30931
on -56299 -27988 47361 70101 1213 10546
on -23456 -16890 -79546 -59160 -6743 10289
on 14204 41142 56511 74601 5095 33434
on -36005 -14701 -68016 -39674 36553 63480
on 60545 74232 15015 42503 -43149 -34200
on 41594 65337 50002 72588 12856 37989
on -90432 -62701 -37837 -4386 -32554 -13392
on 70315 83165 -40717 -23351 -28440 -1511
on -24120 5947 34921 55704 -69582 -46555
on -32209 -8756 -77077 -58552 -48224 -14837
on -43510 -17400 64412 85528 6143 27595
on 36053 55013 53314 68720 -22332 -5189
on -29743 -3821 65395 78815 -9292 23641
on -69714 -38553 -44109 -30469 29793 51760
on 62579 74277 11751 29748 23050 34754
on -2338 12874 75847 79442 10731 41551
on -47619 -35145 -52665 -37628 39702 49423
on -18665 -6319 -71514 -63562 42460 45818
on -30044 -12170 53793 59153 -63499 -40230
on -12567 16134 -90016 -66446 -35676 -19472
on -85062 -55201 4912 28423 -41593 -11980
on 56423 80218 -37562 -16517 36700 48100
on -79818 -55704 11491 34326 8367 40952
on -26293 -12220 41552 57647 51547 73246
on -92036 -71546 10557 30361 -37285 -11767
on 36855 65165 -77057 -59070 4400 24300
on -50136 -35853 35165 54382 37467 66189
on 16047 55776 -39553 -11227 58349 80407
on 27458 35035 -32489 -4540 -78886 -68473
on 46937 76452 12250 27089 -55190 -45467
on -60706 -29052 -43190 -26027 48544 56051
on 33102 61073 27580 41152 41873 64266
on -83817 -62138 -874 20403 -57292 -40933
on 54691 83982 -26668 -1254 25108 50265
on -64405 -32749 44513 79090 -13114 -3445
on 4627 28855 -38014 -18427 -78981 -56867
on 39450 53446 42289 75373 -33901 -6131
on 63899 90602 26653 55063 -10988 9550
on 14634 44509 -78079 -56702 28926 52784
on 38612 58844 41733 50901 -69067 -31286
on -76929 -61757 -65663 -31719 -735 7695
on 28516 47164 -29956 -15347 -75568 -61002
on -50167 -42193 -40926 -30244 -60920 -47646
on -55502 -47750 54875 64454 -29489 -3798
on 14430 36601 26459 39911 -79289 -57027
on 25075 27283 52962 87505 18854 33830
on -58860 -43502 58845 85498 -18144 7960
on -53792 -49597 -62122 -48441 -6272 16303
on -1823 9424 -44705 -17073 70120 80148
on 63692 82216 -19361 8359 33210 45303
on -11840 -2979 24389 52039 60315 71939
on -73992 -63729 -45246 -14461 -46112 -19286
on 44923 62221 -54960 -42011 -38137 -20135
on 14722 33976 -61145 -30720 -75360 -54000
on 245 27732 58258 82234 30097 48740
on 6991 26059 17174 25794 71284 89533
on 35195 56084 51212 74918 -32483 -9615
on 33703 66981 -60122 -54236 -53453 -17926
on -61940 -36371 -16581 -4570 -60706 -40703
on 60760 77773 -33429 -9006 14598 31427
on 18431 39521 -7515 9629 60150 89625
on 54831 71507 20590 53690 18166 24092
on -25927 -4852 56797 80031 24590 44494
on 58156 74392 -54667 -25937 -34893 -13568
on -46251 -30782 70616 92727 -10301 13242
on -54435 -31583 18809 57238 52002 64018
on -87191 -65448 21016 30554 -7539 18577
on -27162 -8066 -76175 -58675 -45390 -18705
on -28095 -21402 -70382 -55725 38509 56620
on 49521 65654 31848 57013 29190 51381
on -75558 -48003 15704 38247 17226 43613
on 23884 58026 50160 65808 6785 27572
on 58063 93764 -22911 -4938 -11895 2739
on 43350 68759 -71427 -46464 -6078 15892
on -33140 -3203 -20673 -10382 -75944 -67085
on -21259 -17037 67489 78783 -8541 11664
on 36779 59339 24261 52940 -53125 -35093
on -30493 793 44829 70216 -52950 -47982
on 45292 72628 -55273 -48706 -1598 9919
on 29403 34110 -54445 -36095 43199 56783
on -59861 -33784 -53249 -37265 34591 65790
off 41754 57148 -80200 -55875 3599 22722
on -10075 4386 27944 45112 -79226 -60131
off -15187 248 -83279 -72364 5037 32511
on 54933 58881 12281 29091 -69028 -54121
on 8090 25240 70064 81196 -16223 -13021
off -60400 -26105 -62607 -40191 47851 67422
off 24451 46164 -75961 -52303 -49916 -25476
on -44857 -7989 -38916 -18382 -70680 -58913
off -72200 -43203 24727 57702 -44696 -7928
on 26323 57990 -14888 994 -79264 -65525
on -48909 -40386 -73244 -64696 -323 16342
on 35358 52991 10687 27904 -70944 -57912
off -23236 -4162 -29712 -17951 59106 79389
off 53581 72320 6800 13298 -45872 -42480
on -43571 -35441 41386 68207 -44478 -35187
on 29214 36514 2338 22755 54949 83144
on -84002 -51122 41833 51908 9476 15499
off 7540 23221 -12461 -7794 -95431 -66096
on 76564 93348 -9452 16724 -13630 7535
on 24899 35662 -61799 -36371 50395 73121
off -23379 -14671 -61654 -26944 -66602 -52265
on -75965 -53958 -25180 -13183 24409 52392
on -10197 4622 -15474 1783 -92565 -76011
off 45082 71453 9055 32401 53858 58811
on -76326 -55011 -39530 -20949 21859 44714
off 32466 57949 29661 50902 38020 60279
off -48739 -19365 36215 74060 -61189 -33437
off -13146 -2771 9021 18827 60320 97125
on -224 15138 31517 57835 -83757 -53030
on 48425 68878 14971 40195 -64239 -33895
on -3608 5152 -30571 -5399 75733 96504
on 62972 67090 -52211 -34797 -11592 8052
on 6468 27085 -75658 -53084 24332 51031
on -9175 29042 -47119 -33884 -82475 -62552
off -15847 4062 60344 89283 -30211 -17239
on 25768 49899 62273 71708 349 10734
off 42707 63210 13025 46778 36022 55110
on 46293 67516 -7202 26002 -66272 -31228
off -62283 -34594 -38660 -16958 38044 60467
off -70095 -49102 31813 56709 8713 28863
on 13788 17456 -12132 6791 61871 77520
on -43439 -29707 -56265 -39662 -72104 -38103
off 13592 44088 -74894 -45793 37968 66601
off 46700 52734 -40463 -19848 -69191 -42886
on 20538 39375 61182 85768 15326 29409
on 54417 76403 -19878 -1308 -42875 -26138
on -86317 -61464 -18403 3486 -18507 6337
on 2786 19873 -20405 9939 59315 81073
off -59877 -54443 34487 69275 3488 18241
off -39007 -20035 4078 30312 -82731 -51587
on 32588 56936 -76500 -67396 -21385 -397
off 25080 41990 -28846 -19737 69970 78086
on 23152 34879 52174 69560 27953 49114
on 60684 71642 -30692 -3159 31270 54443
off -45205 -29098 58510 89307 -17925 2596
off 19582 24130 -83134 -57590 35254 46862
on -11911 23624 -67005 -30930 -81907 -60918
off 4727 24751 -39077 -37491 -71684 -61996
off -9593 7610 -9049 14670 62634 98129
on -66988 -43094 -62996 -35119 11118 43202
on -35998 -5275 -37152 -15041 -87055 -60774
off -14073 -1453 48138 72420 -55577 -47324
on 53303 57735 -50475 -39459 28711 49776
on 50327 79524 -20647 -7189 32930 64357
off -21585 -2673 67475 97316 -16225 10334
on 12761 42162 -75198 -45687 27773 56590
off 10780 29984 30806 53252 45151 82121
on 46365 68175 -3920 2578 -68115 -55420
off 26455 49250 -55979 -42110 -63322 -50217
off -62311 -44896 -70433 -49939 -6372 6167
off -68448 -49911 12490 21799 -66820 -50662
on 11680 41135 42991 76600 38991 56525
off 60371 92603 19664 34168 -32784 -13415
off -72850 -41597 -58644 -37918 -37165 -19623
off 53858 74510 34819 52123 16497 43908
on 48488 52121 -45360 -24737 -66885 -37749
on 20448 57476 27537 48980 46019 57068
on -27248 -19724 41351 47693 -77216 -44436
on -52950 -33175 41728 62787 -16516 -11981
off -51177 -31463 -63233 -45533 32418 61549
off -37057 -12370 18117 43449 -74085 -60338
off -12503 2846 -42876 -30104 63819 75029
on 60667 70952 -46497 -30751 16478 34217
on 10069 26074 50365 61240 -68598 -56464
off 17685 45785 44978 64857 53362 71129
off -73990 -42336 -72284 -40294 8863 26728
off 68782 80879 22420 46148 -2329 26525
on 59344 83826 -40162 -30633 2097 16442
on -27562 -10414 27820 58187 -65865 -46977
on 36887 65981 -73709 -52311 -42786 -24070
off -20682 -3178 64806 78374 10659 34470
off -8804 15550 -8444 -2404 -96231 -65363
off -66648 -53156 -56554 -29056 -33726 -17793
on -203 26059 68129 80958 -43219 -27404
on 47218 72444 35342 44493 -36229 -12760
on 46904 60309 -54993 -32818 -50008 -30454
off -21694 -6209 -88469 -65433 -11873 12245
off -62399 -24805 28232 34853 51230 60419
on -79596 -57362 -48983 -34721 -13420 10701
on -6768 1790 -19645 -5406 -92627 -74287
on -33652 -18284 -23439 -8382 67655 90006
off 16524 39458 29152 49162 55749 83384
on -54254 -34002 -88855 -70903 -22296 3410
on -20779 8521 -89181 -73450 -7812 26787
on 1615 21625 -6080 17570 71668 83316
off -9715 12709 -50780 -22669 -74774 -69626
on 9867 24037 12358 42384 72370 82642
on 3224 30208 28864 51571 61883 84706
off -945 19284 66805 89823 25957 49425
off -25280 -6091 -97225 -62630 -19807 -7788
off -2250 13009 50093 83251 -51760 -30168
off -54440 -34334 26817 48120 48074 60160
on 23262 49261 40455 52393 -60959 -43615
on -23294 -2268 -52310 -24691 -87802 -57989
off -26612 7840 72808 79999 -29713 -3816
on 54391 88234 -51754 -15468 1945 19324
off 17508 32841 -73524 -65420 -35218 -11372
off 31152 49478 -70736 -54693 -43913 -40242
on 53480 64046 -62586 -42748 34500 47779
off 34058 63228 -61928 -58936 -31573 -3659
off -58697 -39679 -81148 -49181 13624 23687
off -27245 -8270 35092 58039 40192 57884
off 32739 63309 -40682 -17682 47869 70035
on 52219 64202 -67303 -51407 4800 23668
on -54654 -29433 -86817 -62196 -5556 23658
off -75279 -49504 -7178 9542 44327 53956
on -7810 8890 -30024 -89 66319 97476
on 8400 36435 12009 44304 -80097 -67512
off 22016 38709 71634 74972 -3129 1171
off 48394 68796 44368 57057 -40373 -16910
off -56815 -38268 36694 67658 -47750 -32089
off -57877 -35052 46097 56601 33355 49073
on 23011 37434 -53974 -23058 -61883 -45402
off 11872 42043 19031 22704 -83665 -55245
off -73243 -46798 -4329 17893 -57779 -44793
on 67456 73394 -22388 -14950 -37499 -28618
off 30365 66533 -70682 -46579 -16208 -5031
on 21360 45088 -76539 -50147 21845 41905
on -18419 -11559 76149 84053 -11328 -2185
off 33020 55476 -15536 2658 64275 79458
on -48063 -26857 -20734 10735 -85808 -52673
off 43790 66834 -56342 -29394 31254 58327
off 67314 83024 -13230 17187 -23371 -4720
off -40007 -14810 -73067 -57103 -66195 -38082
off 25841 57188 -26024 897 -87581 -52851
off 45794 76267 -52081 -18959 -40107 -15901
off -40509 -4365 56716 81562 -22853 6830
off -77503 -45958 -63620 -34287 -19880 -7413
off -19264 12115 -19022 8117 -93523 -72932
off 39766 60651 -59973 -42774 -28355 -7554
on -5185 26343 42329 68147 56719 69801
off -1117 14361 41023 50863 -73482 -62392
off 14618 41995 -57249 -23838 -82100 -56433
on -73588 -51361 3468 30508 -52360 -20267
on 12744 37529 -54963 -50978 -53987 -45070
off -72308 -43455 -38389 -24377 -50714 -45259
off -78117 -42852 -13721 13148 -55905 -37080
off -4467 22317 -12170 5957 71290 88500
on -95981 -66408 7590 8037 -2404 26148
off 12232 45401 12849 45079 -78972 -62278
on -46581 -20385 43824 70561 32388 58000
off 14142 24293 -26356 7327 -82833 -56772
on -62185 -54635 -62453 -44051 -17689 -15452
off 7493 30003 51943 75363 19045 35329
on 10852 22754 -21936 -12574 58047 81390
on -85885 -60870 -5186 26456 -18838 -15144
off 573 10699 -12795 12158 62024 82285
on -53647 -41451 6744 19177 -65585 -52437
on -1937 13101 16787 44245 -89301 -69691
off 11648 28117 65897 81495 -51744 -31456
on -34510 -23114 64316 84122 11745 26248
on 46597 67036 -49078 -18339 -55106 -43379
on -1630 16917 44609 68512 50592 75476
off -21971 1123 24005 48686 60732 80668
off 42871 68726 -60814 -42185 27184 53921
off 38826 47043 -40691 -34285 -57815 -35188
on 44616 56936 -18905 4924 53303 63015
on 22934 47063 21220 45110 48969 72456
off 31507 57059 41717 67987 -48794 -42062
on 63949 80604 11054 40766 17043 53534
on 28112 49371 -69150 -55767 -37760 -7539
off -39198 -18198 -10040 11413 -84459 -58961
on -21052 258 -11980 13528 -92447 -67079
off -72190 -65264 -11322 11452 20127 52589
on 9456 34476 75111 90133 -3087 22015
off -48678 -16972 -41882 -11490 63832 72591
on 711 33910 -92450 -65393 -19051 4525
off 62421 84065 26556 40786 14281 29967
on -67588 -56095 28175 65003 22332 47033
on -70974 -36736 9539 20776 49351 68205
off -25177 13122 -61323 -41425 46642 75842
on -52446 -40486 -62884 -38244 20759 52144
on -42548 -33936 -53496 -46698 -50788 -30250
off 33339 50697 -75051 -48370 36655 54219
off 43213 72026 -22655 -11856 37238 51298

